325
1181
1483
1894
2036
2668
2734
2916
3495
3693
3894
4260
4309
4915
5394
5596
6162
6297
6725
6840
7010
7221
7272
8759
8915
9406
9542
10231
11100
11250
11579
11768
13196
13482
13786
13958
14144
14250
14809
15032
15360
15465
15994
16195
16274
16918
17493
17625
18374
18391
18444
18499
18793
18848
20562
20957
21125
21176
21299
22282
22393
22524
22585
23336
23373
23414
23904
24110
24637
24689
25306
25311
25547
25668
25712
26029
26300
26998
27212
28102
28107
28116
28474
28780
28805
29356
29825
30017
30060
30264
30272
30371
30595
30642
30649
30850
31621
32030
32413
32509
